164,4
164,3
164,2
164,1
164,0
163,4
163,3
163,2
163,1
163,0
162,3
162,2
162,1
162,0
161,3
161,2
161,1
161,0
160,3
160,2
160,1
160,0
159,3
159,2
159,1
159,0
158,4
158,3
158,2
158,1
158,0
157,5
157,4
157,3
157,2
157,1
157,0
156,6
156,5
156,4
156,3
156,2
156,1
156,0
155,4
155,3
155,2
155,1
155,0
154,3
154,2
154,1
154,0
153,4
153,3
153,2
153,1
153,0
152,3
152,2
152,1
152,0
151,5
151,4
151,3
151,2
151,1
151,0
150,3
150,2
150,1
150,0
149,6
149,5
149,4
149,3
149,2
149,1
149,0
148,5
148,4
148,3
148,2
148,1
148,0
147,4
147,3
147,2
147,1
147,0
146,4
146,3
146,2
146,1
146,0
143,7
143,6
143,5
143,3
143,2
143,1
143,0
138,5
138,3
138,2
138,1
138,0
137,6
137,5
137,3
137,2
137,1
137,0
135,5
135,3
135,2
135,1
135,0
134,5
134,3
134,2
134,1
134,0
133,5
133,3
133,2
133,1
133,0
101,7
101,6
101,5
101,4
101,3
101,2
101,1
101,0
99,4
99,3
99,2
99,1
99,0
97,4
97,3
97,2
97,1
97,0
90,4
90,3
90,2
90,1
90,0
89,4
89,3
89,2
89,1
89,0
88,4
88,3
88,2
88,1
88,0
83,5
83,3
83,2
83,1
83,0
81,5
81,4
81,3
81,2
81,1
81,0
79,8
79,7
79,6
79,5
79,4
79,3
79,2
79,1
79,0
77,4
77,3
77,2
77,1
77,0
74,4
74,3
74,2
74,1
74,0
67,4
67,3
67,2
67,1
67,0
63,6
63,4
63,3
63,2
63,1
63,0
36,8
36,7
36,6
36,3
36,2
36,1
36,0
31,7
31,5
31,4
31,3
31,2
31,1
31,0
8,3
8,2
8,1
8,0
7,3
5,10
5,9
5,6
5,5
5,3
5,2
5,0
4,3
3,2
2,2
1,2
0,55
0,9
0,2
164,5
165,0
165,2
165,3
166,0
166,1
166,3
167,0
167,1
167,3
168,0
168,2
168,4
168,5
168,7
168,8
169,1
169,2
170,0
170,2
170,3
171,0
171,1
171,3
171,4
171,2
170,4
170,1
169,3
169,0
168,6
168,3
168,1
167,2
166,4
166,2
165,4
165,1
1,45
3,44
2,44
1,44
3,43
2,43
1,43
3,42
2,42
1,42
3,41
2,41
1,41
3,40
2,40
1,40
3,39
2,39
1,39
3,38
2,38
1,38
3,37
2,37
1,37
3,36
2,36
1,36
3,35
2,35
1,35
3,34
2,34
1,34
3,33
2,33
1,33
3,32
2,32
1,32
3,31
2,31
1,31
3,30
2,30
1,30
3,29
2,29
1,29
3,28
2,28
1,28
3,27
2,27
1,27
3,26
2,26
1,26
3,25
2,25
1,25
3,24
2,24
1,24
3,23
2,23
1,23
3,22
2,22
1,22
3,21
2,21
1,21
3,20
2,20
1,20
3,19
2,19
1,19
3,18
2,18
1,18
3,17
2,17
1,17
3,16
2,16
1,16
3,15
2,15
1,15
3,14
2,14
1,14
3,13
2,13
1,13
3,12
2,12
1,12
3,11
2,11
1,11
3,10
2,10
1,10
3,9
2,9
1,9
3,8
2,8
1,8
3,7
2,7
1,7
3,6
2,6
1,6
3,5
2,5
1,5
3,4
2,4
1,4
3,3
3,0
2,3
2,0
1,3
1,0
0,6
0,0
0,47
0,46
0,49
0,48
0,45
0,12
0,52
0,10
0,8
0,11
0,5
0,7
0,4
0,3
